1000.0   299.413  0.199e2  0.0  0.0
  35.5   299.413  0.199e2  0.0  0.0
 110.3   299.653  0.196e2  0.0  0.0
 192.9   299.917  0.193e2  0.0  0.0
 285.7   300.214  0.190e2  0.0  0.0
 391.4   300.552  0.186e2  0.0  0.0
 512.2   300.939  0.182e2  0.0  0.0
 650.2   301.381  0.177e2  0.0  0.0
 807.4   301.941  0.169e2  0.0  0.0
 985.5   302.689  0.156e2  0.0  0.0
 1186.1  303.531  0.142e2  0.0  0.0
 1410.4  304.377  0.132e2  0.0  0.0
 1659.7  305.275  0.125e2  0.0  0.0
 1934.8  306.450  0.118e2  0.0  0.0
 2236.6  307.839  0.111e2  0.0  0.0
 2565.7  309.668  0.104e2  0.0  0.0
 2922.4  311.700  0.962e1  0.0  0.0
 3306.9  313.941  0.880e1  0.0  0.0
 3719.2  316.415  0.806e1  0.0  0.0
 4159.1  318.727  0.718e1  0.0  0.0
 4626.2  321.081  0.640e1  0.0  0.0
 5120.0  323.772  0.561e1  0.0  0.0
 5639.7  326.370  0.489e1  0.0  0.0
 6184.2  329.158  0.419e1  0.0  0.0
 6752.5  332.113  0.340e1  0.0  0.0
 7343.3  335.148  0.269e1  0.0  0.0
 7954.8  337.919  0.202e1  0.0  0.0
 8585.5  340.509  0.145e1  0.0  0.0
 9233.4  343.037  0.101e1  0.0  0.0
 9896.4  345.351  0.641e0  0.0  0.0
10572.2  346.909  0.403e0  0.0  0.0
11258.2  348.215  0.228e0  0.0  0.0
11951.8  349.504  0.477e-1 0.0  0.0
12650.1  350.900  0.100e-2 0.0  0.0
13400.1  352.040  0.100e-2 0.0  0.0
14150.1  352.680  0.100e-2 0.0  0.0
14900.1  354.960  0.100e-2 0.0  0.0
15650.1  358.180  0.100e-2 0.0  0.0
16400.1  363.341  0.100e-2 0.0  0.0
17150.1  377.021  0.100e-2 0.0  0.0
17900.1  386.421  0.100e-2 0.0  0.0
18650.1  400.521  0.100e-2 0.0  0.0
19400.1  414.621  0.100e-2 0.0  0.0
20150.1  428.721  0.100e-2 0.0  0.0
20900.1  442.821  0.100e-2 0.0  0.0
